data/2336_st2.cnv
* Sea-Bird SBE 25 Data File:
* FileName = C:\Ctddata\25-0447\2336_st2.hex
* Software Version Seasave V 7.23.2
* Temperature SN = 4934
* Conductivity SN = 3392
* System UpLoad Time = Mar 14 2024 10:31:38
* NMEA Latitude = 34 52.7966 N
* NMEA Longitude = 136 42.9517 E
* NMEA UTC (Time) = Mar 14 2024 01:33:30
# nquan = 15                                
# nvalues = 28                          
# units = specified
# name 0 = timeJ: Julian Days
# name 1 = prSM: Pressure, Strain Gauge [db]
# name 2 = depSM: Depth [salt water, m]
# name 3 = t090C: Temperature [ITS-90, deg C]
# name 4 = c0S/m: Conductivity [S/m]
# name 5 = sbeox0ML/L: Oxygen, SBE 43 [ml/l]
# name 6 = flSP: Fluorescence, Seapoint
# name 7 = xmiss: Beam Transmission, Chelsea/Seatech [%]
# name 8 = par: PAR/Irradiance, Biospherical/Licor
# name 9 = spar: SPAR/Surface Irradiance
# name 10 = sal00: Salinity, Practical [PSU]
# name 11 = sigma-t00: Density [sigma-t, kg/m^3 ]
# name 12 = potemp090C: Potential Temperature [ITS-90, deg C]
# name 13 = svDM: Sound Velocity [Delgrosso, m/s]
# name 14 = flag: flag
# span 0 =  74.065062,  74.066283       
# span 1 =      1.000,     28.000       
# span 2 =      0.983,     27.797       
# span 3 =    10.2327,    11.9726       
# span 4 =   3.446454,   3.758837       
# span 5 =    -1.8846,    -1.7961       
# span 6 = 4.1378e-01, 2.7827e+00       
# span 7 =    33.9582,    43.6422       
# span 8 = 2.3259e+00, 4.4177e+02       
# span 9 = 6.4606e+02, 6.4941e+02       
# span 10 =    30.6598,    32.6693      
# span 11 =    23.4375,    24.7845      
# span 12 =    10.2309,    11.9691      
# span 13 =    1486.21,    1494.37      
# span 14 = 0.0000e+00, 0.0000e+00      
# interval = decibars: 1                
# start_time = Mar 14 2024 01:33:30 [NMEA time, header]
# bad_flag = -9.990e-29
*END*
  74.065062      1.000      0.983    10.7691   3.446454    -1.8631 1.2679e+00    38.7844 4.4177e+02 6.4785e+02    30.6598    23.4375    10.7690    1487.29 0.0000e+00
  74.065263      2.000      2.078    10.7717   3.447820    -1.8634 1.9314e+00    38.7174 2.5260e+02 6.4769e+02    30.6707    23.4456    10.7715    1487.33 0.0000e+00
  74.065296      3.000      2.980    10.7974   3.453593    -1.8651 1.8653e+00    38.7451 1.4985e+02 6.4767e+02    30.7057    23.4684    10.7971    1487.48 0.0000e+00
  74.065311      4.000      3.970    10.8472   3.468608    -1.8665 2.1099e+00    38.8065 9.4155e+01 6.4767e+02    30.8116    23.5423    10.8467    1487.80 0.0000e+00
  74.065327      5.000      4.963    10.7656   3.477906    -1.8689 2.2096e+00    38.8020 5.9105e+01 6.4785e+02    30.9718    23.6808    10.7650    1487.72 0.0000e+00
  74.065342      6.000      5.957    10.7030   3.474487    -1.8724 2.6184e+00    38.8346 3.7138e+01 6.4867e+02    30.9906    23.7061    10.7023    1487.53 0.0000e+00
  74.065358      7.000      6.949    10.6521   3.473632    -1.8750 2.5721e+00    39.7747 2.1554e+01 6.4885e+02    31.0249    23.7415    10.6513    1487.41 0.0000e+00
  74.065372      8.000      7.942    10.6299   3.473295    -1.8775 2.2010e+00    40.5853 1.4018e+01 6.4746e+02    31.0400    23.7570    10.6290    1487.36 0.0000e+00
  74.065385      9.000      8.935    10.5811   3.470080    -1.8798 2.3063e+00    40.7683 9.6757e+00 6.4722e+02    31.0492    23.7724    10.5801    1487.22 0.0000e+00
  74.065399     10.000      9.928    10.5071   3.464467    -1.8827 2.2952e+00    40.8881 6.6789e+00 6.4643e+02    31.0560    23.7901    10.5060    1486.97 0.0000e+00
  74.065414     11.000     10.921    10.4539   3.461221    -1.8846 2.2577e+00    41.2111 4.9932e+00 6.4694e+02    31.0686    23.8089    10.4527    1486.82 0.0000e+00
  74.065429     12.000     11.914    10.3912   3.458248    -1.8839 2.3661e+00    41.4513 3.8428e+00 6.4726e+02    31.0921    23.8377    10.3899    1486.63 0.0000e+00
  74.065442     13.000     12.907    10.3392   3.456064    -1.8798 2.3596e+00    41.5502 3.3082e+00 6.4792e+02    31.1144    23.8637    10.3377    1486.49 0.0000e+00
  74.065453     14.000     13.899    10.2854   3.453913    -1.8521 2.5992e+00    41.6947 3.0179e+00 6.4668e+02    31.1386    23.8915    10.2838    1486.34 0.0000e+00
  74.065466     15.000     14.891    10.2394   3.451814    -1.8323 2.7326e+00    41.7333 2.8232e+00 6.4677e+02    31.1566    23.9132    10.2377    1486.21 0.0000e+00
  74.065481     16.000     15.884    10.2327   3.452996    -1.8138 2.7392e+00    41.6538 2.6523e+00 6.4665e+02    31.1738    23.9277    10.2309    1486.23 0.0000e+00
  74.065493     17.000     16.878    10.2601   3.457313    -1.8127 2.7827e+00    41.6722 2.5603e+00 6.4717e+02    31.1931    23.9381    10.2582    1486.37 0.0000e+00
  74.065506     18.000     17.870    10.5969   3.515868    -1.8116 2.7094e+00    41.9606 2.5121e+00 6.4639e+02    31.4869    24.1105    10.5948    1487.95 0.0000e+00
  74.065520     19.000     18.863    11.0889   3.607617    -1.8104 2.1618e+00    41.7175 2.4393e+00 6.4653e+02    31.9683    24.4000    11.0866    1490.30 0.0000e+00
  74.065533     20.000     19.855    11.4821   3.681430    -1.8083 1.2701e+00    43.0348 2.4396e+00 6.4615e+02    32.3493    24.6260    11.4797    1492.16 0.0000e+00
  74.065546     21.000     20.847    11.5772   3.700099    -1.8073 6.8449e-01    43.6422 2.4337e+00 6.4606e+02    32.4480    24.6854    11.5746    1492.62 0.0000e+00
  74.065565     22.000     21.835    11.6164   3.706533    -1.8063 6.2508e-01    43.1422 2.3966e+00 6.4670e+02    32.4760    24.7001    11.6137    1492.81 0.0000e+00
  74.065583     23.000     22.736    11.6615   3.713141    -1.8042 6.4023e-01    42.8395 2.4075e+00 6.4774e+02    32.5004    24.7108    11.6587    1493.01 0.0000e+00
  74.065605     24.000     23.526    11.7314   3.723742    -1.7996 6.4961e-01    42.9425 2.3696e+00 6.4686e+02    32.5419    24.7302    11.7284    1493.32 0.0000e+00
  74.065655     25.000     24.991    11.8785   3.745274    -1.7968 5.4881e-01    41.8859 2.4147e+00 6.4619e+02    32.6217    24.7650    11.8754    1493.94 0.0000e+00
  74.065675     26.000     25.870    11.9253   3.752248    -1.7967 5.2828e-01    39.9032 2.3773e+00 6.4654e+02    32.6478    24.7766    11.9220    1494.15 0.0000e+00
  74.065759     27.000     26.807    11.9505   3.755895    -1.7965 5.2083e-01    36.6303 2.3646e+00 6.4736e+02    32.6606    24.7819    11.9471    1494.27 0.0000e+00
  74.066283     28.000     27.797    11.9726   3.758837    -1.7961 4.1378e-01    33.9582 2.3259e+00 6.4941e+02    32.6693    24.7845    11.9691    1494.37 0.0000e+00
