data/2336_st3.cnv
* Sea-Bird SBE 25 Data File:
* FileName = C:\Ctddata\25-0447\2336_st3.hex
* Software Version Seasave V 7.23.2
* Temperature SN = 4934
* Conductivity SN = 3392
* System UpLoad Time = Mar 14 2024 10:54:20
* NMEA Latitude = 34 50.9208 N
* NMEA Longitude = 136 42.9057 E
* NMEA UTC (Time) = Mar 14 2024 01:56:13
# nquan = 15                                
# nvalues = 28                          
# units = specified
# name 0 = timeJ: Julian Days
# name 1 = prSM: Pressure, Strain Gauge [db]
# name 2 = depSM: Depth [salt water, m]
# name 3 = t090C: Temperature [ITS-90, deg C]
# name 4 = c0S/m: Conductivity [S/m]
# name 5 = sbeox0ML/L: Oxygen, SBE 43 [ml/l]
# name 6 = flSP: Fluorescence, Seapoint
# name 7 = xmiss: Beam Transmission, Chelsea/Seatech [%]
# name 8 = par: PAR/Irradiance, Biospherical/Licor
# name 9 = spar: SPAR/Surface Irradiance
# name 10 = sal00: Salinity, Practical [PSU]
# name 11 = sigma-t00: Density [sigma-t, kg/m^3 ]
# name 12 = potemp090C: Potential Temperature [ITS-90, deg C]
# name 13 = svDM: Sound Velocity [Delgrosso, m/s]
# name 14 = flag: flag
# span 0 =  74.080782,  74.081533       
# span 1 =      1.000,     28.000       
# span 2 =      0.992,     27.796       
# span 3 =    10.1321,    11.2279       
# span 4 =   3.450478,   3.653380       
# span 5 =    -1.6105,    -1.5408       
# span 6 = 8.8824e-01, 3.1537e+00       
# span 7 =    39.1771,    44.1952       
# span 8 = 2.2486e+00, 4.9895e+02       
# span 9 = 6.2359e+02, 6.3135e+02       
# span 10 =    30.7126,    32.2935      
# span 11 =    23.4694,    24.6292      
# span 12 =    10.1306,    11.2245      
# span 13 =    1485.90,    1491.33      
# span 14 = 0.0000e+00, 0.0000e+00      
# interval = decibars: 1                
# start_time = Mar 14 2024 01:56:13 [NMEA time, header]
# bad_flag = -9.990e-29
*END*
  74.080782      1.000      0.992    10.7666   3.456637    -1.6036 1.9050e+00    40.4536 4.9895e+02 6.2956e+02    30.7625    23.5178    10.7665    1487.40 0.0000e+00
  74.080891      2.000      1.985    10.8234   3.456463    -1.6079 2.0521e+00    39.7819 3.1368e+02 6.2946e+02    30.7126    23.4694    10.8232    1487.56 0.0000e+00
  74.080925      3.000      2.978    10.7805   3.462425    -1.6025 2.3102e+00    39.4575 1.6869e+02 6.2992e+02    30.8071    23.5502    10.7802    1487.54 0.0000e+00
  74.080943      4.000      3.971    10.7051   3.463585    -1.6072 2.8223e+00    39.1771 9.5431e+01 6.3060e+02    30.8817    23.6210    10.7046    1487.38 0.0000e+00
  74.080957      5.000      4.964    10.5384   3.469259    -1.6066 2.7536e+00    39.8675 6.4054e+01 6.3127e+02    31.0790    23.8028    10.5378    1487.03 0.0000e+00
  74.080975      6.000      5.957    10.4428   3.469245    -1.6067 2.4699e+00    41.7212 3.9314e+01 6.3135e+02    31.1602    23.8820    10.4421    1486.80 0.0000e+00
  74.080996      7.000      6.949    10.4127   3.467492    -1.6059 2.6179e+00    42.3350 2.4845e+01 6.3097e+02    31.1680    23.8932    10.4119    1486.72 0.0000e+00
  74.081014      8.000      7.943    10.3787   3.464585    -1.6105 2.3134e+00    42.7606 1.6423e+01 6.2944e+02    31.1677    23.8987    10.3778    1486.62 0.0000e+00
  74.081021      9.000      8.936    10.3594   3.463105    -1.6090 2.3881e+00    42.8378 1.4027e+01 6.2945e+02    31.1691    23.9029    10.3584    1486.56 0.0000e+00
  74.081054     10.000      9.928    10.2621   3.458450    -1.6072 3.1537e+00    43.2333 7.0640e+00 6.2945e+02    31.2057    23.9476    10.2610    1486.27 0.0000e+00
  74.081063     11.000     10.921    10.2253   3.456646    -1.6090 2.8609e+00    43.4945 5.7992e+00 6.2945e+02    31.2188    23.9640    10.2241    1486.17 0.0000e+00
  74.081079     12.000     11.914    10.1675   3.453068    -1.6047 2.7037e+00    43.6161 4.6249e+00 6.2958e+02    31.2323    23.9840    10.1662    1486.00 0.0000e+00
  74.081097     13.000     12.907    10.1343   3.450641    -1.5965 2.9141e+00    43.9479 3.5939e+00 6.2945e+02    31.2361    23.9925    10.1329    1485.90 0.0000e+00
  74.081110     14.000     13.899    10.1321   3.450478    -1.5875 2.6932e+00    44.1475 3.1773e+00 6.2777e+02    31.2360    23.9927    10.1306    1485.90 0.0000e+00
  74.081122     15.000     14.892    10.1329   3.450638    -1.5769 2.7685e+00    44.1952 2.9085e+00 6.2546e+02    31.2364    23.9930    10.1312    1485.92 0.0000e+00
  74.081137     16.000     15.884    10.1487   3.452296    -1.5576 2.8520e+00    44.1644 2.6847e+00 6.2562e+02    31.2391    23.9924    10.1469    1486.00 0.0000e+00
  74.081154     17.000     16.878    10.2871   3.470418    -1.5529 2.7021e+00    43.6208 2.5334e+00 6.2923e+02    31.3010    24.0178    10.2852    1486.59 0.0000e+00
  74.081167     18.000     17.870    10.5398   3.512861    -1.5524 2.7251e+00    43.3493 2.5015e+00 6.2553e+02    31.5063    24.1353    10.5377    1487.77 0.0000e+00
  74.081178     19.000     18.863    10.6961   3.540521    -1.5508 2.4846e+00    43.4279 2.3973e+00 6.2820e+02    31.6457    24.2172    10.6939    1488.51 0.0000e+00
  74.081192     20.000     19.855    11.1030   3.617008    -1.5498 2.4817e+00    43.9284 2.3712e+00 6.2845e+02    32.0481    24.4596    11.1006    1490.46 0.0000e+00
  74.081204     21.000     20.848    11.1416   3.638054    -1.5497 1.4683e+00    43.4774 2.3467e+00 6.2743e+02    32.2213    24.5874    11.1391    1490.82 0.0000e+00
  74.081221     22.000     21.840    11.1636   3.643849    -1.5474 1.0357e+00    43.2662 2.3061e+00 6.2760e+02    32.2586    24.6126    11.1610    1490.96 0.0000e+00
  74.081235     23.000     22.829    11.1929   3.648831    -1.5444 1.0310e+00    43.3462 2.2934e+00 6.2744e+02    32.2816    24.6252    11.1901    1491.11 0.0000e+00
  74.081266     24.000     23.817    11.1940   3.649517    -1.5408 1.0170e+00    42.7787 2.2718e+00 6.2631e+02    32.2869    24.6292    11.1911    1491.14 0.0000e+00
  74.081316     25.000     24.817    11.1984   3.650036    -1.5418 1.0834e+00    42.0208 2.2698e+00 6.2359e+02    32.2878    24.6291    11.1954    1491.17 0.0000e+00
  74.081370     26.000     25.811    11.2061   3.650900    -1.5437 1.0445e+00    41.3780 2.2644e+00 6.2590e+02    32.2891    24.6287    11.2030    1491.21 0.0000e+00
  74.081433     27.000     26.804    11.2179   3.652306    -1.5481 1.0288e+00    40.2262 2.2621e+00 6.2785e+02    32.2922    24.6290    11.2147    1491.28 0.0000e+00
  74.081533     28.000     27.796    11.2279   3.653380    -1.5506 8.8824e-01    39.2610 2.2486e+00 6.2735e+02    32.2935    24.6283    11.2245    1491.33 0.0000e+00
