data/2336_st1.cnv
* Sea-Bird SBE 25 Data File:
* FileName = C:\Ctddata\25-0447\2336_st1.hex
* Software Version Seasave V 7.23.2
* Temperature SN = 4934
* Conductivity SN = 3392
* System UpLoad Time = Mar 14 2024 10:06:10
* NMEA Latitude = 34 55.0188 N
* NMEA Longitude = 136 42.9563 E
* NMEA UTC (Time) = Mar 14 2024 01:08:03
# nquan = 15                                
# nvalues = 26                          
# units = specified
# name 0 = timeJ: Julian Days
# name 1 = prSM: Pressure, Strain Gauge [db]
# name 2 = depSM: Depth [salt water, m]
# name 3 = t090C: Temperature [ITS-90, deg C]
# name 4 = c0S/m: Conductivity [S/m]
# name 5 = sbeox0ML/L: Oxygen, SBE 43 [ml/l]
# name 6 = flSP: Fluorescence, Seapoint
# name 7 = xmiss: Beam Transmission, Chelsea/Seatech [%]
# name 8 = par: PAR/Irradiance, Biospherical/Licor
# name 9 = spar: SPAR/Surface Irradiance
# name 10 = sal00: Salinity, Practical [PSU]
# name 11 = sigma-t00: Density [sigma-t, kg/m^3 ]
# name 12 = potemp090C: Potential Temperature [ITS-90, deg C]
# name 13 = svDM: Sound Velocity [Delgrosso, m/s]
# name 14 = flag: flag
# span 0 =  74.047336,  74.048049       
# span 1 =      1.000,     26.000       
# span 2 =      1.022,     25.811       
# span 3 =    10.2398,    12.0489       
# span 4 =   3.305817,   3.770227       
# span 5 =    -1.8909,    -1.7918       
# span 6 = 3.5812e-01, 2.5902e+00       
# span 7 =    33.2572,    46.2728       
# span 8 = 3.4457e+00, 3.3508e+02       
# span 9 = 6.6062e+02, 6.6228e+02       
# span 10 =    29.6451,    32.7134      
# span 11 =    22.7238,    24.8045      
# span 12 =    10.2386,    12.0456      
# span 13 =    1484.41,    1494.66      
# span 14 = 0.0000e+00, 0.0000e+00      
# interval = decibars: 1                
# start_time = Mar 14 2024 01:08:03 [NMEA time, header]
# bad_flag = -9.990e-29
*END*
  74.047336      1.000      1.022    10.3123   3.305817    -1.8909 1.9812e+00    42.9065 3.3508e+02 6.6139e+02    29.6451    22.7238    10.3122    1484.41 0.0000e+00
  74.047412      2.000      1.989    10.3076   3.380396    -1.8801 2.4004e+00    42.0714 1.9165e+02 6.6110e+02    30.3906    23.3051    10.3074    1485.32 0.0000e+00
  74.047446      3.000      2.978    10.3202   3.408930    -1.8778 2.4345e+00    42.2071 1.0527e+02 6.6122e+02    30.6641    23.5161    10.3199    1485.71 0.0000e+00
  74.047464      4.000      3.971    10.3299   3.437051    -1.8801 2.4282e+00    42.4309 6.9393e+01 6.6080e+02    30.9362    23.7264    10.3295    1486.09 0.0000e+00
  74.047480      5.000      4.963    10.3547   3.446127    -1.8812 2.4780e+00    43.1316 4.5695e+01 6.6092e+02    31.0052    23.7761    10.3541    1486.28 0.0000e+00
  74.047496      6.000      5.956    10.3689   3.451027    -1.8828 2.4401e+00    43.0944 2.7058e+01 6.6097e+02    31.0416    23.8021    10.3682    1486.39 0.0000e+00
  74.047512      7.000      6.949    10.3421   3.452060    -1.8831 2.4687e+00    43.1309 1.6411e+01 6.6115e+02    31.0744    23.8321    10.3413    1486.35 0.0000e+00
  74.047525      8.000      7.942    10.3081   3.449985    -1.8829 2.5227e+00    43.4817 1.0646e+01 6.6157e+02    31.0823    23.8439    10.3072    1486.26 0.0000e+00
  74.047536      9.000      8.934    10.2961   3.449599    -1.8808 2.3237e+00    43.8399 7.9931e+00 6.6183e+02    31.0883    23.8506    10.2951    1486.24 0.0000e+00
  74.047548     10.000      9.928    10.2732   3.449518    -1.8662 2.4825e+00    43.8345 6.3353e+00 6.6161e+02    31.1067    23.8687    10.2721    1486.19 0.0000e+00
  74.047562     11.000     10.921    10.2398   3.447802    -1.8442 2.5042e+00    43.7823 5.0702e+00 6.6185e+02    31.1178    23.8828    10.2386    1486.10 0.0000e+00
  74.047573     12.000     11.914    10.2532   3.450972    -1.8242 2.5902e+00    43.5871 4.5374e+00 6.6184e+02    31.1376    23.8961    10.2519    1486.19 0.0000e+00
  74.047586     13.000     12.906    10.2650   3.452889    -1.8174 2.4290e+00    43.3727 4.1782e+00 6.6207e+02    31.1462    23.9008    10.2636    1486.26 0.0000e+00
  74.047598     14.000     13.899    10.3897   3.473662    -1.8132 2.5042e+00    43.2981 3.9240e+00 6.6223e+02    31.2464    23.9581    10.3881    1486.85 0.0000e+00
  74.047612     15.000     14.892    10.7746   3.543479    -1.8091 2.1433e+00    42.9031 3.7967e+00 6.6184e+02    31.6088    24.1750    10.7729    1488.68 0.0000e+00
  74.047626     16.000     15.884    11.2124   3.622717    -1.8055 1.5851e+00    43.0020 3.7067e+00 6.6184e+02    32.0108    24.4112    11.2105    1490.74 0.0000e+00
  74.047638     17.000     16.878    11.4637   3.677481    -1.8035 8.5379e-01    45.7081 3.6288e+00 6.6160e+02    32.3280    24.6128    11.4616    1492.02 0.0000e+00
  74.047648     18.000     17.870    11.5200   3.687591    -1.7989 6.9817e-01    46.2728 3.5986e+00 6.6150e+02    32.3772    24.6408    11.5178    1492.29 0.0000e+00
  74.047660     19.000     18.862    11.5969   3.701715    -1.7966 5.9698e-01    46.2033 3.6044e+00 6.6062e+02    32.4473    24.6814    11.5946    1492.66 0.0000e+00
  74.047676     20.000     19.855    11.6953   3.718164    -1.7930 4.8644e-01    46.0601 3.5568e+00 6.6171e+02    32.5210    24.7206    11.6928    1493.11 0.0000e+00
  74.047694     21.000     20.848    11.7770   3.729808    -1.7922 4.3858e-01    45.5289 3.5530e+00 6.6184e+02    32.5622    24.7376    11.7744    1493.46 0.0000e+00
  74.047711     22.000     21.840    11.9164   3.749992    -1.7922 4.3724e-01    44.9195 3.5613e+00 6.6184e+02    32.6354    24.7687    11.9136    1494.04 0.0000e+00
  74.047748     23.000     22.833    12.0076   3.764400    -1.7920 3.8797e-01    42.0415 3.5430e+00 6.6184e+02    32.6945    24.7975    12.0047    1494.44 0.0000e+00
  74.047794     24.000     23.825    12.0375   3.768774    -1.7921 3.5812e-01    39.7315 3.5101e+00 6.6179e+02    32.7102    24.8041    12.0345    1494.58 0.0000e+00
  74.047832     25.000     24.818    12.0408   3.769125    -1.7921 4.1707e-01    37.6965 3.5014e+00 6.6185e+02    32.7102    24.8035    12.0376    1494.61 0.0000e+00
  74.048049     26.000     25.811    12.0489   3.770227    -1.7918 3.9340e-01    33.2572 3.4457e+00 6.6228e+02    32.7134    24.8045    12.0456    1494.66 0.0000e+00
